BCQM VI Ablation Suite (W=100) — Fri 23 Jan 2026 11:28:32 GMT

== RUN: configs/generated_vreg_C5_subset/pathA_scan_C5_W100_N4_from_n_s56791_56798_nospace.yml ==

== RUN: configs/generated_vreg_C5_subset/pathA_scan_C5_W100_N4_from_n_s56791_56798.yml ==

== RUN: configs/generated_vreg_C5_subset/pathA_scan_C5_W100_N8_from_n_s56791_56798_nospace.yml ==

== RUN: configs/generated_vreg_C5_subset/pathA_scan_C5_W100_N8_from_n_s56791_56798.yml ==

== SUMMARY: outputs_glue_axes/run_C5_phase_plus_cadence_vglue_pathA/W100/N4/scan_from_n_nospace_s56791_56798 ==
Found n values: [0.0, 0.2, 0.4, 0.6, 0.8]

n | count | Q_clock (med[IQR]) | S_perc (med[IQR]) | S_junc_w (med[IQR]) | Fmax0.10 | Fmax0.20 | Fmax0.30
---------------------------------------------------------------------------------------------------------
0 |     8 | 1.02 [0.948,1.28] |          0 [0,0] |            0 [0,0] |      nan |      nan |      nan
0.2 |     8 | 1.02 [0.948,1.28] |          0 [0,0] |            0 [0,0] |      nan |      nan |      nan
0.4 |     8 | 1.02 [0.948,1.28] |          0 [0,0] |            0 [0,0] |      nan |      nan |      nan
0.6 |     8 | 1.02 [0.948,1.28] |          0 [0,0] |            0 [0,0] |      nan |      nan |      nan
0.8 |     8 | 1.02 [0.948,1.28] |          0 [0,0] |            0 [0,0] |      nan |      nan |      nan

== SUMMARY: outputs_glue_axes/run_C5_phase_plus_cadence_vglue_pathA/W100/N4/scan_from_n_s56791_56798 ==
Found n values: [0.0, 0.2, 0.4, 0.6, 0.8]

n | count | Q_clock (med[IQR]) | S_perc (med[IQR]) | S_junc_w (med[IQR]) | Fmax0.10 | Fmax0.20 | Fmax0.30
---------------------------------------------------------------------------------------------------------
0 |     8 | 1.03 [0.768,1.13] | 0.25 [0.25,0.25] |            0 [0,0] | 0.25 [0.25,0.25] | 0.25 [0.25,0.25] | 0.25 [0.25,0.25]
0.2 |     8 | 0.902 [0.743,1.08] | 0.826 [0.772,0.885] | 0.147 [0.138,0.153] | 0.25 [0.25,0.25] | 0.25 [0.25,0.25] | 0.25 [0.25,0.25]
0.4 |     8 | 0.925 [0.719,1.08] | 0.878 [0.84,0.891] | 0.461 [0.436,0.642] | 0.25 [0.25,0.375] | 0.25 [0.25,0.25] | 0.25 [0.25,0.25]
0.6 |     8 |  1.21 [1.02,1.37] | 0.932 [0.915,0.963] |   1.62 [1.57,1.76] |  1 [1,1] | 0.25 [0.25,0.25] | 0.25 [0.25,0.25]
0.8 |     8 | 0.997 [0.908,1.08] | 0.979 [0.958,0.982] |    4.64 [4.2,4.74] |  1 [1,1] |  1 [1,1] | 1 [0.875,1]

== SUMMARY: outputs_glue_axes/run_C5_phase_plus_cadence_vglue_pathA/W100/N8/scan_from_n_nospace_s56791_56798 ==
Found n values: [0.0, 0.2, 0.4, 0.6, 0.8]

n | count | Q_clock (med[IQR]) | S_perc (med[IQR]) | S_junc_w (med[IQR]) | Fmax0.10 | Fmax0.20 | Fmax0.30
---------------------------------------------------------------------------------------------------------
0 |     8 | 0.749 [0.605,1.33] |          0 [0,0] |            0 [0,0] |      nan |      nan |      nan
0.2 |     8 | 0.749 [0.605,1.33] |          0 [0,0] |            0 [0,0] |      nan |      nan |      nan
0.4 |     8 | 0.749 [0.605,1.33] |          0 [0,0] |            0 [0,0] |      nan |      nan |      nan
0.6 |     8 | 0.749 [0.605,1.33] |          0 [0,0] |            0 [0,0] |      nan |      nan |      nan
0.8 |     8 | 0.749 [0.605,1.33] |          0 [0,0] |            0 [0,0] |      nan |      nan |      nan

== SUMMARY: outputs_glue_axes/run_C5_phase_plus_cadence_vglue_pathA/W100/N8/scan_from_n_s56791_56798 ==
Found n values: [0.0, 0.2, 0.4, 0.6, 0.8]

n | count | Q_clock (med[IQR]) | S_perc (med[IQR]) | S_junc_w (med[IQR]) | Fmax0.10 | Fmax0.20 | Fmax0.30
---------------------------------------------------------------------------------------------------------
0 |     8 | 0.924 [0.685,1.85] | 0.125 [0.125,0.125] |            0 [0,0] | 0.125 [0.125,0.125] | 0.125 [0.125,0.125] | 0.125 [0.125,0.125]
0.2 |     8 | 1.01 [0.697,1.31] | 0.879 [0.862,0.894] | 0.145 [0.14,0.169] | 0.125 [0.125,0.125] | 0.125 [0.125,0.125] | 0.125 [0.125,0.125]
0.4 |     8 | 1.06 [0.928,1.16] | 0.896 [0.887,0.906] | 0.448 [0.431,0.502] | 0.125 [0.125,0.125] | 0.125 [0.125,0.125] | 0.125 [0.125,0.125]
0.6 |     8 |   1.74 [1.03,2.1] | 0.913 [0.897,0.928] |   1.55 [1.31,1.58] | 0.312 [0.25,0.375] | 0.125 [0.125,0.125] | 0.125 [0.125,0.125]
0.8 |     8 | 0.938 [0.681,1.99] | 0.962 [0.96,0.982] |   4.71 [4.47,5.43] |  1 [1,1] | 0.562 [0.312,0.75] | 0.125 [0.125,0.125]

DONE. Wrote: outputs/analysis/20260123_112832_ablation_suite_W100.txt
